Solutions	
616.0	
603.0	
594.0	
593.0	
594.0	
595.0	
595.0	
597.0	
599.0	
602.0	
604.0	
607.0	
608.0	
612.0	
618.0	
604.0	
604.0	
605.0	
601.0	
608.0	
616.0	
617.0	
614.0	
617.0	
621.0	
613.0	
607.0	
607.0	
603.0	
609.0	
612.0	
615.0	
603.0	
605.0	
611.0	
610.0	
600.0	
593.0	
599.0	
591.0	
591.0	
586.0	
575.0	
577.0	
582.0	
587.0	
585.0	
587.0	
588.0	
590.0	
597.0	
594.0	
576.0	
581.0	
586.0	
586.0	
588.0	
594.0	
594.0	
589.0	
578.0	
573.0	
571.0	
571.0	
578.0	
585.0	
578.0	
583.0	
542.0	
551.0	
561.0	
570.0	
577.0	
588.0	
599.0	
603.0	
603.0	
606.0	
607.0	
609.0	
603.0	
605.0	
610.0	
611.0	
616.0	
615.0	
605.0	
590.0	
580.0	
579.0	
568.0	
569.0	
568.0	
573.0	
573.0	
573.0	
575.0	
559.0	
562.0	
555.0	
536.0	
530.0	
539.0	
544.0	
554.0	
558.0	
558.0	
553.0	
553.0	
553.0	
556.0	
558.0	
565.0	
567.0	
570.0	
576.0	
582.0	
590.0	
599.0	
610.0	
618.0	
624.0	
611.0	
601.0	
586.0	
584.0	
578.0	
579.0	
575.0	
578.0	
573.0	
570.0	
561.0	
547.0	
551.0	
547.0	
545.0	
548.0	
551.0	
549.0	
549.0	
551.0	
556.0	
565.0	
574.0	
559.0	
565.0	
571.0	
554.0	
562.0	
572.0	
569.0	
569.0	
558.0	
558.0	
559.0	
565.0	
561.0	
560.0	
563.0	
564.0	
567.0	
568.0	
575.0	
577.0	
585.0	
598.0	
581.0	
578.0	
572.0	
562.0	
561.0	
563.0	
548.0	
543.0	
541.0	
543.0	
541.0	
538.0	
540.0	
542.0	
547.0	
551.0	
553.0	
562.0	
562.0	
562.0	
569.0	
571.0	
572.0	
576.0	
582.0	
577.0	
578.0	
569.0	
567.0	
562.0	
560.0	
561.0	
568.0	
