Solutions	
461.0	
445.0	
434.0	
427.0	
421.0	
415.0	
411.0	
408.0	
403.0	
403.0	
404.0	
405.0	
401.0	
403.0	
407.0	
405.0	
410.0	
417.0	
421.0	
427.0	
435.0	
442.0	
444.0	
449.0	
438.0	
440.0	
438.0	
442.0	
447.0	
451.0	
457.0	
456.0	
446.0	
440.0	
435.0	
430.0	
430.0	
429.0	
430.0	
425.0	
426.0	
423.0	
423.0	
425.0	
421.0	
419.0	
421.0	
427.0	
433.0	
440.0	
445.0	
446.0	
447.0	
448.0	
453.0	
460.0	
467.0	
471.0	
467.0	
465.0	
455.0	
453.0	
456.0	
459.0	
463.0	
464.0	
463.0	
462.0	
465.0	
471.0	
466.0	
470.0	
471.0	
459.0	
454.0	
454.0	
455.0	
457.0	
460.0	
437.0	
436.0	
442.0	
434.0	
430.0	
437.0	
429.0	
426.0	
430.0	
432.0	
436.0	
440.0	
438.0	
443.0	
437.0	
437.0	
442.0	
448.0	
454.0	
461.0	
465.0	
464.0	
448.0	
443.0	
443.0	
442.0	
437.0	
437.0	
437.0	
439.0	
433.0	
428.0	
427.0	
417.0	
411.0	
409.0	
412.0	
401.0	
399.0	
398.0	
397.0	
396.0	
403.0	
408.0	
406.0	
409.0	
414.0	
420.0	
416.0	
418.0	
416.0	
422.0	
426.0	
427.0	
433.0	
426.0	
425.0	
426.0	
424.0	
426.0	
426.0	
421.0	
415.0	
409.0	
405.0	
412.0	
420.0	
418.0	
420.0	
420.0	
424.0	
425.0	
427.0	
425.0	
430.0	
436.0	
441.0	
439.0	
435.0	
433.0	
438.0	
439.0	
444.0	
449.0	
455.0	
453.0	
453.0	
441.0	
436.0	
438.0	
432.0	
434.0	
438.0	
440.0	
444.0	
443.0	
442.0	
449.0	
448.0	
454.0	
460.0	
467.0	
475.0	
477.0	
459.0	
439.0	
435.0	
432.0	
430.0	
428.0	
432.0	
438.0	
445.0	
448.0	
444.0	
438.0	
441.0	
442.0	
436.0	
436.0	
441.0	
